w ang1 ang2 absval 
0.0100000000 -0.0149976256 -0.0349969590 0.9998375508 
0.0107151931 -0.0160698686 -0.0374994345 0.9998134921 
0.0112201845 -0.0168269231 -0.0392663506 0.9997955052 
0.0117489755 -0.0176196129 -0.0411164829 0.9997757844 
0.0123026877 -0.0184496109 -0.0430537450 0.9997541627 
0.0128824955 -0.0193186678 -0.0450822337 0.9997304571 
0.0134896288 -0.0202286161 -0.0472062374 0.9997044669 
0.0141253754 -0.0211813730 -0.0494302452 0.9996759722 
0.0147910839 -0.0221789449 -0.0517589556 0.9996447320 
0.0154881662 -0.0232234308 -0.0541972867 0.9996104821 
0.0162181010 -0.0243170272 -0.0567503857 0.9995729330 
0.0169824365 -0.0254620313 -0.0594236397 0.9995317675 
0.0177827941 -0.0266608466 -0.0622226865 0.9994866379 
0.0186208714 -0.0279159866 -0.0651534259 0.9994371634 
0.0194984460 -0.0292300804 -0.0682220314 0.9993829264 
0.0204173794 -0.0306058766 -0.0714349627 0.9993234698 
0.0213796209 -0.0320462496 -0.0747989783 0.9992582926 
0.0223872114 -0.0335542040 -0.0783211489 0.9991868461 
0.0234422882 -0.0351328802 -0.0820088710 0.9991085291 
0.0245470892 -0.0367855601 -0.0858698813 0.9990226835 
0.0257039578 -0.0385156730 -0.0899122715 0.9989285883 
0.0269153480 -0.0403268007 -0.0941445035 0.9988254541 
0.0281838293 -0.0422226845 -0.0985754254 0.9987124170 
0.0295120923 -0.0442072301 -0.1032142876 0.9985885308 
0.0309029543 -0.0462845147 -0.1080707599 0.9984527604 
0.0323593657 -0.0484587926 -0.1131549485 0.9983039729 
0.0338844156 -0.0507345015 -0.1184774142 0.9981409288 
0.0354813389 -0.0531162688 -0.1240491902 0.9979622724 
0.0371535229 -0.0556089174 -0.1298818007 0.9977665212 
0.0389045145 -0.0582174721 -0.1359872804 0.9975520544 
0.0407380278 -0.0609471650 -0.1423781931 0.9973171003 
0.0426579519 -0.0638034411 -0.1490676515 0.9970597234 
0.0446683592 -0.0667919640 -0.1560693367 0.9967778095 
0.0467735141 -0.0699186197 -0.1633975178 0.9964690500 
0.0489778819 -0.0731895217 -0.1710670716 0.9961309257 
0.0512861384 -0.0766110142 -0.1790935018 0.9957606880 
0.0537031796 -0.0801896746 -0.1874929577 0.9953553401 
0.0562341325 -0.0839323155 -0.1962822530 0.9949116160 
0.0588843655 -0.0878459852 -0.2054788829 0.9944259586 
0.0616595002 -0.0919379665 -0.2151010405 0.9938944964 
0.0645654229 -0.0962157746 -0.2251676322 0.9933130183 
0.0676082975 -0.1006871522 -0.2356982908 0.9926769479 
0.0707945784 -0.1053600631 -0.2467133865 0.9919813158 
0.0741310241 -0.1102426826 -0.2582340360 0.9912207313 
0.0776247117 -0.1153433857 -0.2702821081 0.9903893521 
0.0812830516 -0.1206707308 -0.2828802254 0.9894808547 
0.0851138038 -0.1262334408 -0.2960517626 0.9884884026 
0.0891250938 -0.1320403790 -0.3098208394 0.9874046153 
0.0933254301 -0.1381005204 -0.3242123079 0.9862215370 
0.0977237221 -0.1444229179 -0.3392517334 0.9849306065 
0.1023292992 -0.1510166616 -0.3549653686 0.9835226276 
0.1071519305 -0.1578908324 -0.3713801184 0.9819877430 
0.1122018454 -0.1650544477 -0.3885234966 0.9803154097 
0.1174897555 -0.1725163996 -0.4064235714 0.9784943800 
0.1230268771 -0.1802853840 -0.4251088998 0.9765126871 
0.1288249552 -0.1883698212 -0.4446084499 0.9743576377 
0.1348962883 -0.1967777664 -0.4649515086 0.9720158140 
0.1412537545 -0.2055168107 -0.4861675756 0.9694730846 
0.1479108388 -0.2145939715 -0.5082862408 0.9667146293 
0.1548816619 -0.2240155728 -0.5313370454 0.9637249779 
0.1621810097 -0.2337871155 -0.5553493259 0.9604880652 
0.1698243652 -0.2439131383 -0.5803520397 0.9569873066 
0.1778279410 -0.2543970699 -0.6063735727 0.9532056941 
0.1862087137 -0.2652410741 -0.6334415291 0.9491259168 
0.1949844600 -0.2764458904 -0.6615825037 0.9447305065 
0.2041737945 -0.2880106707 -0.6908218379 0.9400020114 
0.2137962090 -0.2999328180 -0.7211833609 0.9349231978 
0.2238721139 -0.3122078289 -0.7526891192 0.9294772806 
0.2344228815 -0.3248291456 -0.7853590958 0.9236481817 
0.2454708916 -0.3377880223 -0.8192109248 0.9174208145 
0.2570395783 -0.3510734125 -0.8542596044 0.9107813919 
0.2691534804 -0.3646718836 -0.8905172138 0.9037177516 
0.2818382931 -0.3785675657 -0.9279926395 0.8962196933 
0.2951209227 -0.3927421418 -0.9666913172 0.8882793197 
0.3090295433 -0.4071748859 -1.0066149954 0.8798913703 
0.3235936569 -0.4218427576 -1.0477615266 0.8710535384 
0.3388441561 -0.4367205553 -1.0901246919 0.8617667572 
0.3548133892 -0.4517811355 -1.1336940644 0.8520354425 
0.3715352291 -0.4669956992 -1.1784549156 0.8418676786 
0.3890451450 -0.4823341456 -1.2243881672 0.8312753355 
0.4073802778 -0.4977654910 -1.2714703908 0.8202741039 
0.4265795188 -0.5132583479 -1.3196738539 0.8088834418 
0.4466835922 -0.5287814553 -1.3689666125 0.7971264242 
0.4677351413 -0.5443042495 -1.4193126446 0.7850294950 
0.4897788194 -0.5597974600 -1.4706720211 0.7726221221 
0.5128613840 -0.5752337150 -1.5230011084 0.7599363618 
0.5370317964 -0.5905881363 -1.5762527952 0.7470063432 
0.5623413252 -0.6058389046 -1.6303767361 0.7338676875 
0.5888436554 -0.6209677725 -1.6853196070 0.7205568788 
0.6165950019 -0.6359605074 -1.7410253635 0.7071106084 
0.6456542290 -0.6508072435 -1.7974354995 0.6935651140 
0.6760829754 -0.6655027266 -1.8544892997 0.6799555355 
0.7079457844 -0.6800464391 -1.9121240850 0.6663153108 
0.7413102413 -0.6944425940 -1.9702754477 0.6526756306 
0.7762471166 -0.7086999951 -2.0288774781 0.6390649697 
0.8128305162 -0.7228317607 -2.0878629808 0.6255087090 
0.8511380382 -0.7368549175 -2.1471636838 0.6120288589 
0.8912509381 -0.7507898743 -2.2067104417 0.5986438891 
0.9332543008 -0.7646597885 -2.2664334333 0.5853686681 
0.9772372210 -0.7784898468 -2.3262623570 0.5722145089 
1.0471285481 -0.7992181595 -2.4160499193 0.5527266784 
1.0964781961 -0.8130649007 -2.4758346872 0.5399029119 
1.1481536215 -0.8269642969 -2.5354783242 0.5272147289 
1.2022644346 -0.8409406148 -2.5949107447 0.5146604825 
1.2589254118 -0.8550157227 -2.6540624408 0.5022367300 
1.3182567386 -0.8692084109 -2.7128646788 0.4899387132 
1.3803842646 -0.8835338108 -2.7712496995 0.4777608463 
1.4454397707 -0.8980029260 -2.8291509235 0.4656971944 
1.5135612484 -0.9126222911 -2.8865031646 0.4537419279 
1.5848931925 -0.9273937629 -2.9432428505 0.4418897363 
1.6595869074 -0.9423144479 -2.9993082539 0.4301361923 
1.7378008287 -0.9573767625 -3.0546397330 0.4184780523 
1.8197008586 -0.9725686199 -3.1091799805 0.4069134901 
1.9054607180 -0.9878737302 -3.1628742798 0.3954422566 
1.9952623150 -1.0032719997 -3.2156707638 0.3840657660 
2.0892961309 -1.0187400118 -3.2675206728 0.3727871095 
2.1877616239 -1.0342515684 -3.3183786048 0.3616110020 
2.2908676528 -1.0497782730 -3.3682027514 0.3505436681 
2.3988329190 -1.0652901330 -3.4169551138 0.3395926766 
2.5118864315 -1.0807561626 -3.4646016896 0.3287667353 
2.6302679919 -1.0961449686 -3.5111126264 0.3180754550 
2.7542287033 -1.1114253020 -3.5564623350 0.3075290964 
2.8840315031 -1.1265665643 -3.6006295592 0.2971383107 
3.0199517204 -1.1415392571 -3.6435973986 0.2869138830 
3.1622776602 -1.1563153693 -3.6853532845 0.2768664882 
3.3113112148 -1.1708686967 -3.7258889085 0.2670064671 
3.4673685045 -1.1851750951 -3.7652001069 0.2573436279 
3.6307805477 -1.1992126658 -3.8032867043 0.2478870767 
3.8018939632 -1.2129618795 -3.8401523208 0.2386450793 
3.9810717055 -1.2264056408 -3.8758041487 0.2296249553 
4.1686938347 -1.2395293025 -3.9102527042 0.2208330029 
4.3651583224 -1.2523206338 -3.9435115608 0.2122744538 
4.5708818961 -1.2647697512 -3.9755970704 0.2039534543 
4.7863009232 -1.2768690184 -4.0065280775 0.1958730702 
5.0118723363 -1.2886129223 -4.0363256324 0.1880353122 
5.2480746025 -1.2999979321 -4.0650127074 0.1804411772 
5.4954087386 -1.3110223454 -4.0926139210 0.1730907038 
5.7543993734 -1.3216861280 -4.1191552727 0.1659830369 
6.0255958607 -1.3319907520 -4.1446638916 0.1591164995 
6.3095734448 -1.3419390332 -4.1691678001 0.1524886687 
6.6069344801 -1.3515349744 -4.1926956950 0.1460964532 
6.9183097092 -1.3607836133 -4.2152767462 0.1399361716 
7.2443596007 -1.3696908790 -4.2369404131 0.1340036285 
7.5857757503 -1.3782634581 -4.2577162798 0.1282941879 
7.9432823472 -1.3865086689 -4.2776339074 0.1228028428 
8.3176377110 -1.3944343478 -4.2967227034 0.1175242811 
8.7096358996 -1.4020487442 -4.3150118077 0.1124529457 
9.1201083936 -1.4093604268 -4.3325299934 0.1075830902 
9.5499258602 -1.4163781990 -4.3493055821 0.1029088294 
10.0000000000 -1.4231110237 -4.3653663723 0.0984241848 
10.4712854805 -1.4295679574 -4.3807395794 0.0941231251 
10.9647819614 -1.4357580919 -4.3954517871 0.0899996016 
11.4815362150 -1.4416905041 -4.4095289081 0.0860475803 
12.0226443462 -1.4473742126 -4.4229961540 0.0822610686 
12.5892541179 -1.4528181404 -4.4358780126 0.0786341390 
13.1825673856 -1.4580310839 -4.4481982324 0.0751609490 
13.8038426460 -1.4630216864 -4.4599798125 0.0718357578 
14.4543977075 -1.4677984169 -4.4712449986 0.0686529404 
15.1356124844 -1.4723695522 -4.4820152830 0.0656069987 
15.8489319246 -1.4767431632 -4.4923114082 0.0626925708 
16.5958690744 -1.4809271042 -4.5021533745 0.0599044379 
17.3780082875 -1.4849290048 -4.5115604498 0.0572375296 
18.1970085861 -1.4887562643 -4.5205511822 0.0546869276 
19.0546071796 -1.4924160487 -4.5291434139 0.0522478680 
19.9526231497 -1.4959152882 -4.5373542972 0.0499157426 
20.8929613085 -1.4992606779 -4.5452003113 0.0476860992 
21.8776162395 -1.5024586783 -4.5526972804 0.0455546403 
22.9086765277 -1.5055155177 -4.5598603924 0.0435172225 
23.9883291902 -1.5084371954 -4.5667042178 0.0415698540 
25.1188643151 -1.5112294858 -4.5732427292 0.0397086923 
26.3026799190 -1.5138979424 -4.5794893210 0.0379300413 
27.5422870334 -1.5164479031 -4.5854568292 0.0362303476 
28.8403150313 -1.5188844957 -4.5911575505 0.0346061976 
30.1995172040 -1.5212126433 -4.5966032619 0.0330543137 
31.6227766017 -1.5234370703 -4.6018052399 0.0315715499 
33.1131121483 -1.5255623084 -4.6067742791 0.0301548883 
34.6736850453 -1.5275927030 -4.6115207108 0.0288014352 
36.3078054770 -1.5295324189 -4.6160544207 0.0275084164 
38.0189396321 -1.5313854468 -4.6203848669 0.0262731737 
39.8107170553 -1.5331556096 -4.6245210965 0.0250931606 
41.6869383470 -1.5348465679 -4.6284717625 0.0239659383 
43.6515832240 -1.5364618267 -4.6322451398 0.0228891718 
45.7088189615 -1.5380047407 -4.6358491406 0.0218606258 
47.8630092323 -1.5394785204 -4.6392913299 0.0208781613 
50.1187233627 -1.5408862378 -4.6425789393 0.0199397314 
52.4807460250 -1.5422308314 -4.6457188819 0.0190433777 
54.9540873858 -1.5435151123 -4.6487177650 0.0181872271 
57.5439937337 -1.5447417687 -4.6515819038 0.0173694882 
60.2559586074 -1.5459133712 -4.6543173334 0.0165884478 
63.0957344480 -1.5470323778 -4.6569298211 0.0158424678 
66.0693448008 -1.5481011381 -4.6594248780 0.0151299820 
69.1830970919 -1.5491218987 -4.6618077699 0.0144494935 
72.4435960075 -1.5500968066 -4.6640835282 0.0137995710 
75.8577575029 -1.5510279141 -4.6662569600 0.0131788467 
79.4328234724 -1.5519171824 -4.6683326578 0.0125860134 
83.1763771103 -1.5527664860 -4.6703150093 0.0120198217 
87.0963589956 -1.5535776159 -4.6722082061 0.0114790777 
91.2010839356 -1.5543522837 -4.6740162522 0.0109626406 
95.4992586021 -1.5550921247 -4.6757429727 0.0104694204 
100.0000000000 -1.5557987012 -4.6773920214 0.0099983755 
